202604010501
202604010502
202604010503
202604010504
202604010505
202604010506
202604010507
202604010508
202604010509
202604010510
202604010511
202604010512
202604010601
202604010602
202604010603
202604010604
202604010605
202604010606
202604010607
202604010608
202604010609
202604010610
202604010611
202604010612
202604010709
202604010710
202604010711
202604010809
202604010810
202604010811
202605020701
202605020702
202605020703
202605020704
202605020705
202605020706
202605020707
202605020708
202605020709
202605020710
202605020711
202605020712
202605020801
202605020802
202605020803
202605020804
202605020805
202605020806
202605020807
202605020808
202605020809
202605020810
202605020811
202605020812
202605020909
202605020910
202605020911
202605021008
202605021009
202605021010
202605021011
202605021012
202605021211
202608030701
202608030702
202608030703
202608030704
202608030705
202608030706
202608030707
202608030708
202608030709
202608030710
202608030711
202608030712
202608030801
202608030802
202608030803
202608030804
202608030805
202608030806
202608030807
202608030808
202608030809
202608030810
202608030811
202608030812
202608030909
202608030910
202608030911
202608030912
202608031009
202608031010
202608031011